HMMER3/f [3.1b2 | February 2015]
NAME  COG4585.faa.final_tree.fa
LENG  134
ALPH  amino
RF    no
MM    no
CONS  yes
CS    no
MAP   yes
DATE  Fri Sep 28 16:20:15 2018
NSEQ  21095
EFFN  13.305384
CKSUM 2668884972
STATS LOCAL MSV       -9.7579  0.71136
STATS LOCAL VITERBI  -11.6271  0.71136
STATS LOCAL FORWARD   -4.1971  0.71136
HMM          A        C        D        E        F        G        H        I        K        L        M        N        P        Q        R        S        T        V        W        Y   
            m->m     m->i     m->d     i->m     i->i     d->m     d->d
  COMPO   2.54602  4.49543  2.83102  2.71398  3.48911  2.46582  3.69589  3.18934  2.77946  2.55317  4.11627  2.99619  2.85078  3.17085  2.81496  2.46707  2.79962  2.87804  4.57420  3.66350
          2.61743  4.46166  2.80744  2.73844  3.41799  2.44655  3.74160  3.20323  2.75477  2.57625  4.18884  2.96212  2.79332  3.18001  2.86911  2.43538  2.79807  2.93472  4.47952  3.58865
          2.09241  0.17226  3.35670  5.42791  0.00440  0.00000        *
      1   2.24202  4.88634  2.94017  2.56405  3.50615  2.90629  3.34361  3.16266  2.79932  2.46466  4.03979  3.05552  3.45440  3.01667  2.58753  2.59596  2.73712  2.91933  4.75929  3.65705   5026 a - - -
          2.68618  4.42225  2.77519  2.73123  3.46354  2.40513  3.72494  3.29354  2.67741  2.69355  4.24690  2.90347  2.73739  3.18146  2.89801  2.37887  2.77519  2.98518  4.58477  3.61503
          0.52562  5.83531  0.90168  0.61958  0.77255  0.60604  0.78857
      2   2.37444  4.59454  3.08975  2.69625  3.46739  3.21188  3.65498  2.94935  2.80688  2.13532  3.64790  3.22339  3.43126  3.04508  2.57008  2.68977  2.82392  2.58087  4.84537  3.80029   5027 l - - -
          2.68618  4.42225  2.77519  2.73123  3.46354  2.40513  3.72494  3.29354  2.67741  2.69355  4.24690  2.90347  2.73739  3.18146  2.89801  2.37887  2.77519  2.98518  4.58477  3.61503
          0.05452  5.32279  3.03274  0.61958  0.77255  1.23921  0.34194
      3   2.52369  4.37261  4.04317  3.55314  2.91794  3.42827  4.19005  2.76009  3.61517  2.17096  3.45075  3.87995  3.79119  3.75153  3.13902  3.02673  2.97997  2.50905  1.66134  3.14900   5028 w - - -
          2.68604  4.42254  2.77538  2.73146  3.46311  2.40539  3.72520  3.29290  2.67771  2.69283  4.24610  2.90379  2.73754  3.18145  2.89807  2.37905  2.77531  2.98472  4.58430  3.61497
          0.93896  0.49960  6.12215  0.03367  3.40782  0.12329  2.15424
      4   2.22401  4.84032  3.05086  2.72342  3.53177  2.73674  3.72050  3.28596  2.83351  2.51916  3.46735  3.17688  3.19713  3.05542  2.46157  2.63659  2.79666  2.76823  4.43344  3.79441   5030 a - - -
          2.55307  4.47631  2.84318  2.76809  3.41619  2.45076  3.77566  3.20300  2.79465  2.52350  4.18538  3.00084  2.80813  3.20711  2.85198  2.45838  2.80564  2.86564  4.41721  3.60160
          2.51218  0.08607  6.58644  5.25234  0.00525  0.50314  0.92793
      5   2.04264  5.44882  3.21562  2.16021  4.29836  3.71174  3.84697  3.62516  2.80649  2.03625  4.06275  3.37076  4.19828  2.41682  2.12498  2.90595  2.95046  3.41295  5.59776  4.21697   7702 l - - -
          2.68618  4.42225  2.77519  2.73123  3.46354  2.40513  3.72494  3.29354  2.67740  2.69354  4.24690  2.90347  2.73739  3.18146  2.89801  2.37887  2.77519  2.98518  4.58477  3.61503
          0.15510  6.01254  1.95740  0.62167  0.77013  0.49609  0.93881
      6   1.92759  5.70389  3.05533  2.14128  4.56760  3.53222  3.75331  3.48238  2.72327  2.52627  4.27225  3.28163  4.33641  2.57759  2.18039  2.53270  2.93422  3.11745  5.78820  4.29482   7705 a - - -
          2.68249  4.42487  2.77647  2.72842  3.46558  2.40709  3.72545  3.29392  2.67861  2.69184  4.24703  2.90517  2.73996  3.17888  2.89345  2.37942  2.77600  2.98598  4.58632  3.61610
          2.09346  0.13903  5.03063  1.02641  0.44362  0.61456  0.77844
      7   1.72304  5.87997  3.05604  2.10395  4.79989  3.51886  3.27740  3.74870  2.75734  2.84493  4.28112  3.32656  4.05823  2.60771  2.11080  2.76412  3.08575  3.16477  5.83687  4.33047   7724 a - - -
          2.68485  4.42325  2.77606  2.73061  3.46437  2.40609  3.72494  3.29224  2.67815  2.69196  4.24595  2.90431  2.73851  3.18112  2.89548  2.37969  2.77577  2.98447  4.58576  3.61569
          2.00143  0.19480  3.17350  0.20521  1.68458  0.86721  0.54494
      8   2.37934  5.65235  3.27398  2.24166  3.90558  3.85089  3.83933  2.52695  3.07228  2.15736  3.60441  3.48634  4.45252  2.50997  2.32034  2.99733  2.95153  2.46665  5.02895  4.38801   7737 l - - -
          2.68619  4.42226  2.77520  2.73120  3.46355  2.40514  3.72496  3.29354  2.67741  2.69355  4.24690  2.90346  2.73741  3.18140  2.89799  2.37888  2.77518  2.98519  4.58478  3.61504
          0.02583  5.10804  3.93997  0.74591  0.64303  0.85630  0.55291
      9   1.66937  5.63906  2.81239  2.13713  4.88176  3.87437  3.79895  3.87580  2.77759  2.62377  4.21751  2.99399  4.25474  2.62969  2.42032  2.67713  2.73122  3.24266  6.18677  4.73365   7741 a - - -
          2.68617  4.42227  2.77519  2.73121  3.46349  2.40515  3.72497  3.29347  2.67743  2.69352  4.24686  2.90349  2.73742  3.18145  2.89803  2.37887  2.77521  2.98520  4.58477  3.61497
          0.03984  4.05247  3.83147  0.56901  0.83490  0.80722  0.59076
     10   1.36608  5.69173  3.43040  2.56227  4.79720  2.78572  4.23931  2.89258  3.05785  2.81007  4.21849  3.66206  4.33500  3.28938  2.74462  2.88950  2.76018  2.30832  5.92432  4.71032   7746 a - - -
          2.68618  4.42225  2.77519  2.73122  3.46354  2.40513  3.72495  3.29353  2.67740  2.69355  4.24689  2.90347  2.73740  3.18145  2.89801  2.37887  2.77520  2.98519  4.58477  3.61503
          0.26142  5.62252  1.48532  0.67394  0.71273  0.78152  0.61196
     11   2.31934  5.63535  3.48099  2.44155  4.32175  3.69940  3.88292  3.09543  2.84344  2.58669  3.68573  3.42963  4.47769  1.92338  2.00031  2.91125  3.04589  2.55346  5.93281  4.57885   7750 q - - -
          2.68618  4.42224  2.77519  2.73123  3.46354  2.40513  3.72495  3.29354  2.67740  2.69354  4.24690  2.90345  2.73740  3.18146  2.89801  2.37887  2.77520  2.98518  4.58477  3.61503
          0.01096  5.39925  5.05456  0.65274  0.73525  0.32490  1.28231
     12   2.14993  5.65212  2.60090  1.37349  4.67590  3.75392  4.03290  3.84316  3.01972  2.31408  4.19961  3.32256  4.52227  2.83384  3.01220  2.89929  2.85655  3.37837  5.84059  4.29993   7754 e - - -
          2.68618  4.42225  2.77519  2.73123  3.46354  2.40513  3.72494  3.29354  2.67741  2.69355  4.24690  2.90346  2.73739  3.18146  2.89801  2.37887  2.77519  2.98518  4.58477  3.61503
          0.03341  5.92505  3.50039  0.60488  0.78997  0.84114  0.56426
     13   1.90097  5.74228  2.58416  1.56292  5.08615  3.24751  3.92982  4.32062  2.60561  3.48048  4.58404  3.04064  4.54178  2.46058  2.39199  2.90067  3.08317  3.78480  6.37670  4.70786   7756 e - - -
          2.68618  4.42225  2.77519  2.73123  3.46354  2.40513  3.72494  3.29354  2.67741  2.69355  4.24690  2.90347  2.73739  3.18146  2.89801  2.37887  2.77519  2.98518  4.58477  3.61503
          0.00844  6.07225  5.09917  0.61958  0.77255  0.78757  0.60688
     14   2.96740  5.86570  3.14878  0.65976  4.74577  4.04197  4.26407  3.96269  3.16087  3.55456  4.62248  3.50085  4.46958  3.01231  3.27338  3.27858  3.19281  3.68656  6.24262  4.48400   7757 E - - -
          2.68604  4.42229  2.77521  2.73118  3.46360  2.40519  3.72500  3.29353  2.67748  2.69353  4.24684  2.90352  2.73746  3.18143  2.89781  2.37890  2.77515  2.98521  4.58480  3.61512
          0.03433  3.52565  5.44620  0.95538  0.48559  0.71412  0.67261
     15   3.26641  5.40605  3.60627  2.90902  5.08719  3.95890  4.08413  4.24002  2.78190  3.28183  4.48959  3.59968  4.44555  3.11132  0.63492  3.17578  3.58599  4.17566  5.93204  4.90568   7770 R - - -
          2.68617  4.42225  2.77519  2.73123  3.46354  2.40513  3.72494  3.29354  2.67741  2.69355  4.24690  2.90347  2.73740  3.18146  2.89801  2.37887  2.77520  2.98518  4.58477  3.61503
          0.02005  5.83117  4.07964  0.61004  0.78380  0.76549  0.62568
     16   2.21580  5.85269  3.29447  2.33005  5.00268  3.70299  3.60443  4.19441  2.29187  2.65833  4.20469  2.46985  4.52370  2.55024  1.92178  2.75616  2.62691  3.66896  5.81394  4.62728   7773 r - - -
          2.68617  4.42225  2.77520  2.73123  3.46354  2.40512  3.72495  3.29354  2.67741  2.69355  4.24690  2.90347  2.73740  3.18146  2.89801  2.37887  2.77518  2.98518  4.58477  3.61502
          0.01073  5.64726  4.94189  0.62668  0.76435  0.74284  0.64581
     17   2.88042  5.88185  3.24678  2.57646  5.17235  3.79191  3.53683  4.36579  2.81697  3.77244  4.68390  3.47396  4.41928  3.02426  0.76610  3.11885  3.42847  4.09871  5.97916  4.43319   7776 r - - -
          2.68618  4.42225  2.77519  2.73123  3.46354  2.40513  3.72494  3.29354  2.67741  2.69355  4.24690  2.90347  2.73739  3.18146  2.89801  2.37887  2.77519  2.98518  4.58477  3.61503
          0.00967  6.10797  4.90631  0.61958  0.77255  0.73807  0.65016
     18   3.26142  4.91998  5.29379  4.78579  3.11738  4.64729  4.68157  0.89553  4.58061  1.56543  3.01743  4.63116  4.93961  4.21858  4.30091  3.86645  3.51511  2.49774  5.10582  4.06742   7777 i - - -
          2.68618  4.42225  2.77519  2.73123  3.46354  2.40513  3.72494  3.29354  2.67741  2.69355  4.24690  2.90347  2.73739  3.18146  2.89801  2.37887  2.77519  2.98518  4.58477  3.61503
          0.00783  6.11207  5.18789  0.61958  0.77255  0.76237  0.62840
     19   0.84265  5.57589  3.53779  2.38637  4.77654  3.20144  4.31587  4.33086  3.10214  3.67799  4.44966  3.61994  4.37439  3.43831  3.31156  2.19773  3.36423  3.87665  5.60378  4.70493   7778 a - - -
          2.68615  4.42229  2.77519  2.73124  3.46350  2.40514  3.72498  3.29348  2.67743  2.69355  4.24689  2.90347  2.73740  3.18150  2.89803  2.37888  2.77518  2.98517  4.58481  3.61492
          0.01707  4.47003  5.20741  0.90102  0.52113  0.79595  0.59993
     20   2.45331  5.60058  3.47523  2.78125  5.07529  3.47859  3.51646  4.38975  2.77738  3.83412  4.32330  3.45323  4.49071  2.64714  0.89357  2.92224  3.35438  4.08156  5.76362  4.66423   7784 r - - -
          2.68616  4.42225  2.77520  2.73123  3.46354  2.40513  3.72495  3.29354  2.67741  2.69355  4.24690  2.90347  2.73740  3.18147  2.89801  2.37886  2.77519  2.98517  4.58477  3.61503
          0.01341  5.44231  4.71117  0.59949  0.79649  0.79481  0.60088
     21   3.07396  5.96543  1.32281  1.18266  4.64245  3.82247  3.79679  4.37138  3.05522  3.51787  4.52134  3.40079  4.54913  3.24104  3.39712  3.21372  3.30153  3.95490  6.04133  4.70763   7787 e - - -
          2.68618  4.42225  2.77519  2.73123  3.46354  2.40513  3.72494  3.29354  2.67741  2.69355  4.24690  2.90347  2.73739  3.18146  2.89801  2.37887  2.77519  2.98518  4.58477  3.61503
          0.00674  6.10833  5.40619  0.61958  0.77255  0.83570  0.56841
     22   3.44181  4.85235  5.08665  4.83550  3.85527  4.66328  4.85218  1.85890  4.71836  0.74983  2.38937  4.82618  5.03370  4.81152  4.60587  3.94038  3.68483  2.46852  5.47325  4.37167   7788 l - - -
          2.68615  4.42225  2.77520  2.73124  3.46354  2.40513  3.72495  3.29354  2.67741  2.69351  4.24690  2.90347  2.73740  3.18147  2.89801  2.37887  2.77520  2.98519  4.58477  3.61503
          0.01277  5.73607  4.66021  0.70258  0.68380  0.83162  0.57154
     23   3.37338  5.67339  3.79644  3.35644  4.86962  4.00206  0.46749  4.28433  3.32796  3.81632  4.65953  3.78120  4.62740  3.68697  3.62676  3.44592  3.66922  3.99038  6.09598  4.71265   7793 H - - -
          2.68615  4.42225  2.77520  2.73123  3.46354  2.40513  3.72495  3.29354  2.67741  2.69355  4.24690  2.90347  2.73740  3.18146  2.89800  2.37887  2.77519  2.98519  4.58477  3.61503
          0.00890  5.21572  5.67388  0.52042  0.90207  0.84777  0.55926
     24   3.46260  6.10308  0.42170  3.02303  5.40519  4.13266  4.44670  4.72268  3.37430  4.35662  5.00004  3.38737  4.70081  3.65125  3.75978  3.56456  3.75064  4.19478  6.44215  5.07125   7795 D - - -
          2.68612  4.42227  2.77521  2.73124  3.46356  2.40511  3.72492  3.29355  2.67741  2.69352  4.24690  2.90348  2.73742  3.18145  2.89800  2.37888  2.77520  2.98518  4.58479  3.61505
          0.01341  4.89341  5.14580  0.90626  0.51757  0.83061  0.57232
     25   3.06224  5.76543  2.64717  2.30265  4.75691  1.91105  3.82694  3.41080  3.07576  3.11613  4.54966  3.09490  4.50384  3.18719  3.33130  2.17774  2.19069  2.35358  6.03213  4.51614   7807 g - - -
          2.68618  4.42225  2.77519  2.73123  3.46354  2.40513  3.72494  3.29354  2.67741  2.69355  4.24690  2.90347  2.73739  3.18146  2.89801  2.37887  2.77519  2.98518  4.58477  3.61503
          0.00630  6.10680  5.50939  0.61958  0.77255  0.78651  0.60776
     26   2.40294  4.85019  5.24004  4.81887  3.55470  4.28291  5.06463  2.13773  4.68919  1.33304  3.63292  4.71694  3.69060  4.55755  4.46847  3.60516  3.18457  1.26701  5.60617  4.37178   7808 v - - -
          2.68612  4.42226  2.77519  2.73124  3.46355  2.40512  3.72496  3.29355  2.67742  2.69356  4.24691  2.90348  2.73737  3.18147  2.89797  2.37888  2.77521  2.98519  4.58478  3.61504
          0.00981  5.73456  5.03131  0.90699  0.51708  0.70976  0.67680
     27   1.66883  4.40480  4.05620  3.53478  4.37131  1.29739  4.60760  3.33479  3.45164  2.41447  3.97985  3.72130  4.33859  2.65224  3.81073  2.75646  3.22179  3.35203  5.99280  4.53113   7819 g - - -
          2.68618  4.42225  2.77519  2.73123  3.46354  2.40513  3.72494  3.29354  2.67741  2.69355  4.24690  2.90347  2.73739  3.18146  2.89801  2.37887  2.77519  2.98518  4.58477  3.61503
          0.00546  6.12054  5.72928  0.61958  0.77255  0.73293  0.65489
     28   2.44081  5.70131  3.53942  3.09431  5.13261  3.14247  1.63419  4.68934  3.02031  4.09441  4.97505  2.95603  3.71471  1.33887  3.21840  2.63730  3.46271  4.22723  5.95569  4.52241   7820 q - - -
          2.68618  4.42225  2.77519  2.73123  3.46354  2.40513  3.72494  3.29354  2.67741  2.69355  4.24690  2.90347  2.73739  3.18146  2.89801  2.37887  2.77519  2.98518  4.58477  3.61503
          0.01223  6.12525  4.60830  0.61958  0.77255  0.71533  0.67145
     29   2.59549  4.73291  2.81807  2.64314  5.19815  2.90145  2.59694  3.90060  2.83737  3.06370  3.76229  2.99798  4.36128  2.67074  2.35761  2.15889  2.21551  3.40475  6.17404  4.15669   7821 s - - -
          2.68618  4.42225  2.77519  2.73123  3.46354  2.40513  3.72494  3.29354  2.67741  2.69355  4.24690  2.90347  2.73739  3.18146  2.89801  2.37887  2.77519  2.98518  4.58477  3.61503
          0.00690  6.12338  5.36336  0.61958  0.77255  0.73996  0.64843
     30   3.45687  4.90964  5.45183  4.42367  3.01465  4.68953  4.92338  2.48663  4.59369  0.59654  3.14821  4.87340  4.94559  4.25432  4.72024  4.00403  3.60891  2.41698  5.39684  4.17204   7822 L - - -
          2.68618  4.42226  2.77518  2.73122  3.46355  2.40514  3.72495  3.29349  2.67738  2.69356  4.24691  2.90348  2.73740  3.18147  2.89802  2.37888  2.77517  2.98519  4.58478  3.61504
          0.13702  5.72772  2.08111  0.79954  0.59699  0.78777  0.60671
     31   2.07923  5.20461  3.74247  3.31431  3.24172  3.61476  4.13871  3.29947  3.42771  2.74976  4.12102  3.73840  4.26532  3.31172  3.60148  1.73733  1.75193  2.31314  5.82810  3.68766   7829 s - - -
          2.68618  4.42225  2.77519  2.73123  3.46354  2.40513  3.72494  3.29354  2.67741  2.69355  4.24690  2.90347  2.73739  3.18146  2.89801  2.37887  2.77519  2.98518  4.58477  3.61503
          0.01377  5.99576  4.49323  0.61958  0.77255  1.34855  0.30059
     32   1.69320  5.15109  3.85162  3.29924  3.93929  2.28665  4.11654  3.26791  3.42779  2.22046  3.47634  3.64807  4.55222  3.45132  3.15810  2.15451  2.81509  2.34607  5.56011  3.99110   7830 a - - -
          2.68618  4.42226  2.77515  2.73120  3.46355  2.40512  3.72496  3.29355  2.67742  2.69356  4.24691  2.90348  2.73740  3.18147  2.89802  2.37887  2.77519  2.98516  4.58478  3.61504
          0.03511  5.18149  3.54464  0.77748  0.61537  1.33028  0.30707
     33   2.36827  4.75052  5.36094  4.58710  3.81911  4.31358  4.79041  1.35629  4.51134  1.53174  2.77840  4.69056  4.75454  3.94124  4.49414  3.32931  2.96619  1.98941  5.20557  4.24600   7836 i - - -
          2.68599  4.42235  2.77520  2.73124  3.46364  2.40516  3.72505  3.29361  2.67751  2.69343  4.24700  2.90346  2.73750  3.18142  2.89800  2.37884  2.77530  2.98492  4.58487  3.61513
          0.02698  4.66770  4.06149  1.75058  0.19077  0.44786  1.01886
     34   1.98726  5.49419  3.71774  3.09353  4.23542  2.84828  3.98956  2.64863  2.47261  2.75783  3.78874  3.09680  4.55395  2.99423  2.68281  2.33775  2.38907  2.54189  5.84419  4.33829   7853 a - - -
          2.68618  4.42225  2.77519  2.73123  3.46354  2.40513  3.72494  3.29354  2.67741  2.69355  4.24690  2.90347  2.73739  3.18146  2.89801  2.37887  2.77519  2.98518  4.58477  3.61503
          0.48185  6.08976  0.96734  0.61958  0.77255  0.95055  0.48862
     35   2.63874  4.60374  4.56886  4.24888  3.41097  4.11012  4.20944  2.40434  3.96242  1.43094  2.29603  4.27863  4.69141  3.78060  3.00717  3.35625  3.04531  1.74571  4.97658  3.84484   7854 l - - -
          2.68618  4.42225  2.77519  2.73123  3.46354  2.40513  3.72494  3.29354  2.67741  2.69354  4.24690  2.90347  2.73739  3.18145  2.89801  2.37887  2.77519  2.98518  4.58477  3.61503
          0.05824  5.35641  2.95924  0.59551  0.80136  1.08314  0.41329
     36   2.36352  5.48682  3.10099  2.76736  4.76141  2.79798  2.88167  4.06309  2.46275  2.75235  4.09780  2.99353  4.27505  1.83866  2.61233  2.47209  2.87409  3.46451  5.96986  4.23414   7856 q - - -
          2.68618  4.42225  2.77519  2.73123  3.46354  2.40512  3.72494  3.29353  2.67741  2.69355  4.24690  2.90347  2.73739  3.18146  2.89801  2.37887  2.77519  2.98518  4.58477  3.61503
          0.04766  5.51138  3.15820  0.59751  0.79891  1.01977  0.44735
     37   1.53909  4.17820  5.07034  4.44194  3.57987  3.98166  4.45486  2.40841  4.42877  1.37052  3.27153  4.55104  4.46397  4.26308  3.65365  2.61875  3.02822  2.35241  5.30794  4.09583   7858 l - - -
          2.68613  4.42225  2.77520  2.73124  3.46354  2.40512  3.72495  3.29354  2.67741  2.69354  4.24690  2.90347  2.73740  3.18147  2.89801  2.37887  2.77520  2.98519  4.58477  3.61503
          0.15927  5.58377  1.94158  0.72995  0.65765  1.69160  0.20362
     38   2.48410  5.45694  2.49824  2.08028  4.87190  2.25049  3.70243  4.08698  2.30010  3.32256  4.20546  3.15877  4.31278  2.32981  2.57228  2.51347  2.96759  3.71545  6.01898  4.52963   7865 e - - -
          2.68617  4.42225  2.77519  2.73123  3.46354  2.40512  3.72494  3.29354  2.67741  2.69355  4.24690  2.90347  2.73739  3.18146  2.89801  2.37887  2.77519  2.98518  4.58477  3.61503
          0.03337  5.55976  3.54149  0.62164  0.77017  1.56373  0.23490
     39   1.52514  4.62523  4.24442  3.96675  3.46727  2.86655  4.45673  2.67601  3.99277  1.75348  2.78320  4.12900  4.54824  3.81101  3.39346  2.98910  2.95472  2.24202  4.81693  4.00781   7868 a - - -
          2.68618  4.42225  2.77519  2.73123  3.46354  2.40513  3.72494  3.29354  2.67741  2.69355  4.24690  2.90347  2.73739  3.18146  2.89801  2.37887  2.77519  2.98518  4.58477  3.61503
          0.20587  5.72893  1.69930  0.61958  0.77255  1.57390  0.23223
     40   1.35786  5.03271  3.13241  2.55293  4.32872  2.63130  3.82843  3.45672  2.99161  2.24257  4.11954  3.42552  4.16112  3.03447  3.23020  2.91988  3.10776  2.93754  5.39471  4.44286   7869 a - - -
          2.68618  4.42225  2.77519  2.73123  3.46354  2.40513  3.72494  3.29354  2.67741  2.69355  4.24690  2.90347  2.73739  3.18146  2.89801  2.37887  2.77519  2.98518  4.58477  3.61503
          0.00822  5.58248  5.42137  0.61958  0.77255  0.10514  2.30460
     41   2.24482  5.50742  2.77283  2.36741  4.38122  2.81354  3.90476  3.54341  2.74679  2.46393  3.34369  3.17050  3.80452  2.63253  2.16035  2.70532  3.01469  3.29623  5.01742  4.09246   7870 r - - -
          2.67426  4.43282  2.77153  2.72593  3.47257  2.41156  3.72618  3.29299  2.68168  2.68270  4.24048  2.91025  2.74052  3.17601  2.89136  2.38377  2.77839  2.98459  4.59396  3.62393
          2.75106  0.06864  6.00004  2.57760  0.07900  0.60850  0.78563
     42   1.94510  4.66866  2.56464  2.48836  4.23594  3.40753  4.02256  2.91705  2.82754  2.01751  4.03977  3.54286  2.78077  3.14567  3.01184  2.90875  3.08502  2.79086  6.01971  4.50254   8099 a - - -
          2.68618  4.42225  2.77519  2.73123  3.46354  2.40513  3.72494  3.29354  2.67741  2.69355  4.24690  2.90347  2.73739  3.18146  2.89801  2.37887  2.77519  2.98518  4.58477  3.61503
          0.47710  6.15937  0.97470  0.61958  0.77255  0.60233  0.79304
     43   2.40165  5.25738  2.56437  2.23088  3.96601  3.11662  3.60019  3.98733  2.41757  3.12486  4.44027  2.92699  3.23438  2.32865  2.27022  2.69464  2.90735  3.32937  5.83982  4.48712   8100 e - - -
          2.68618  4.42225  2.77519  2.73123  3.46354  2.40513  3.72494  3.29354  2.67741  2.69355  4.24690  2.90347  2.73739  3.18146  2.89801  2.37887  2.77519  2.98518  4.58477  3.61503
          0.01428  5.68923  4.52824  0.61958  0.77255  0.34163  1.23998
     44   2.12465  5.61460  2.34127  1.85558  4.64038  3.15332  3.72527  4.22226  2.59200  3.20912  4.55118  3.11603  3.46201  2.59946  2.38186  2.68594  2.92511  3.58071  5.77162  4.40779   8101 e - - -
          2.67965  4.42430  2.77509  2.72906  3.46601  2.40693  3.72545  3.29473  2.67903  2.69203  4.24718  2.90592  2.73956  3.17951  2.89427  2.38064  2.77595  2.98476  4.58715  3.61721
          0.72094  0.86281  2.38894  1.71902  0.19753  1.12670  0.39171
     45   1.73638  4.28909  4.59350  4.09474  3.41179  4.18555  4.66595  2.03014  4.46997  1.51228  2.80492  4.53601  4.84806  3.73026  4.31022  3.17126  2.86078  2.08299  5.27524  4.06086   8132 l - - -
          2.68618  4.42225  2.77520  2.73119  3.46356  2.40514  3.72495  3.29354  2.67740  2.69356  4.24691  2.90348  2.73741  3.18146  2.89794  2.37887  2.77518  2.98519  4.58479  3.61504
          0.19321  4.47629  1.80598  0.65880  0.72872  1.44993  0.26734
     46   2.30159  5.07140  2.99490  2.24787  4.84329  2.91479  3.32615  3.43952  2.43920  2.65292  4.17239  3.10595  4.32828  2.57913  2.19564  2.68240  2.91177  2.93866  5.98852  4.47056   8136 r - - -
          2.68583  4.42249  2.77494  2.73059  3.46378  2.40515  3.72499  3.29376  2.67760  2.69375  4.24712  2.90365  2.73764  3.18130  2.89777  2.37889  2.77525  2.98535  4.58501  3.61527
          0.34138  1.28371  4.40595  0.05111  2.99913  1.74695  0.19153
     47   2.35368  5.71215  2.60210  2.08043  4.21067  3.11996  3.67977  3.66642  2.62241  2.54185  4.34790  2.94397  4.20209  2.45807  2.88526  2.56356  2.46136  3.11090  5.86676  4.62494   8140 e - - -
          2.68616  4.42224  2.77521  2.73124  3.46352  2.40514  3.72496  3.29356  2.67742  2.69347  4.24688  2.90348  2.73738  3.18148  2.89799  2.37888  2.77520  2.98517  4.58478  3.61505
          0.01482  4.67241  5.22851  0.74361  0.64511  1.19638  0.35995
     48   2.01318  4.74960  3.98607  3.26937  3.83224  3.79000  4.06608  1.88034  3.53708  1.73857  3.28102  3.71112  4.54034  3.20547  3.44859  2.91029  2.79391  2.27489  5.54197  4.20233   8144 l - - -
          2.68492  4.42290  2.77526  2.73018  3.46423  2.40534  3.72496  3.29415  2.67795  2.69391  4.24689  2.90393  2.73809  3.18162  2.89685  2.37891  2.77444  2.98557  4.58551  3.61575
          0.29372  1.40943  4.58245  1.11994  0.39497  1.26330  0.33229
     49   1.86961  4.20390  3.22966  2.96127  4.49530  2.57886  4.03142  2.76938  3.00016  2.18001  4.06440  3.65358  4.58671  3.28034  2.51655  2.32119  2.87867  2.65924  5.56629  4.66076   8160 a - - -
          2.68618  4.42225  2.77519  2.73123  3.46354  2.40513  3.72494  3.29354  2.67741  2.69355  4.24690  2.90347  2.73739  3.18146  2.89801  2.37887  2.77519  2.98518  4.58477  3.61503
          0.29540  5.92103  1.37404  0.61958  0.77255  1.56090  0.23565
     50   2.55319  5.52808  2.30503  2.35170  4.90499  3.24777  3.56838  4.32421  2.39798  3.45043  4.55910  2.94008  4.23204  2.63662  1.67573  2.60949  2.94096  3.31914  5.83502  4.53228   8161 r - - -
          2.68618  4.42225  2.77519  2.73123  3.46354  2.40513  3.72493  3.29349  2.67740  2.69355  4.24690  2.90347  2.73740  3.18147  2.89800  2.37887  2.77520  2.98517  4.58477  3.61503
          0.01730  5.22195  4.44319  0.67017  0.71666  0.67048  0.71634
     51   2.40398  5.78912  2.34142  1.80606  5.01718  3.22678  3.42545  4.29040  2.65576  3.47899  4.58344  3.00685  4.40953  2.21734  2.48565  2.53058  2.55743  3.89489  6.26285  4.69963   8165 e - - -
          2.68618  4.42225  2.77519  2.73123  3.46354  2.40513  3.72494  3.29353  2.67741  2.69355  4.24690  2.90347  2.73739  3.18146  2.89801  2.37887  2.77519  2.98518  4.58477  3.61503
          0.01826  5.85021  4.18517  0.61292  0.78038  1.35092  0.29976
     52   1.15661  4.22476  3.89869  3.49011  4.26107  2.74274  4.58057  2.94306  3.69280  2.67335  3.73804  3.54363  4.64699  3.79720  3.97902  2.41619  2.23921  2.65740  5.67285  4.43392   8167 a - - -
          2.68618  4.42225  2.77519  2.73123  3.46354  2.40513  3.72494  3.29354  2.67741  2.69355  4.24690  2.90347  2.73739  3.18146  2.89801  2.37887  2.77519  2.98518  4.58477  3.61503
          0.00741  5.93833  5.35120  0.61958  0.77255  0.67718  0.70937
     53   2.93163  4.60540  5.11660  3.56099  3.64018  4.35634  4.28728  1.93061  4.43636  1.11975  2.68996  4.12370  4.84010  3.47712  3.64046  3.34212  3.17003  2.24893  5.32117  3.52893   8168 l - - -
          2.68616  4.42225  2.77518  2.73123  3.46354  2.40513  3.72494  3.29354  2.67741  2.69355  4.24688  2.90347  2.73739  3.18146  2.89801  2.37887  2.77520  2.98519  4.58477  3.61503
          0.01134  5.64216  4.86266  0.67776  0.70877  0.87410  0.53997
     54   1.96763  5.91154  2.39144  2.16748  4.90977  2.93774  3.55011  4.27061  2.67893  3.73692  4.70984  3.03366  4.45862  2.50803  2.40604  2.46997  2.45758  3.44444  6.05166  4.49237   8173 a - - -
          2.68618  4.42225  2.77519  2.73123  3.46354  2.40512  3.72494  3.29354  2.67741  2.69355  4.24690  2.90347  2.73740  3.18146  2.89800  2.37887  2.77520  2.98518  4.58477  3.61503
          0.00861  5.85088  5.16722  0.62290  0.76871  1.03202  0.44050
     55   2.54639  5.78495  2.06479  1.22559  5.10590  3.47543  4.08791  3.78858  2.85086  3.52487  4.46410  3.25521  4.57166  2.68762  2.95771  2.61522  3.14884  3.61410  6.00732  4.75509   8176 e - - -
          2.68618  4.42225  2.77519  2.73123  3.46354  2.40513  3.72494  3.29354  2.67741  2.69355  4.24690  2.90347  2.73739  3.18146  2.89801  2.37887  2.77519  2.98518  4.58477  3.61503
          0.00630  6.07954  5.52322  0.61958  0.77255  0.88639  0.53127
     56   2.55925  4.83973  5.45347  4.82539  3.79702  3.88824  4.94173  2.25232  4.44343  1.20683  2.37608  4.64944  4.84472  4.67770  3.92475  3.45836  2.72546  1.70078  5.53011  4.31204   8177 l - - -
          2.68521  4.42398  2.77635  2.73182  3.46483  2.40660  3.72559  3.29258  2.67921  2.69103  4.24586  2.90526  2.73925  3.18226  2.89023  2.37993  2.77571  2.98173  4.58634  3.61692
          0.54423  0.88997  4.70614  1.34913  0.30038  0.87491  0.53940
     57   2.72143  5.73544  2.94743  2.85246  4.26106  2.38978  3.19217  4.71938  2.87037  3.76109  4.77898  3.47418  4.51491  3.16023  1.06118  2.84352  2.98461  3.91003  5.25605  4.39957   8188 r - - -
          2.68612  4.42230  2.77521  2.73116  3.46358  2.40510  3.72498  3.29357  2.67740  2.69357  4.24684  2.90347  2.73746  3.18142  2.89795  2.37887  2.77520  2.98521  4.58484  3.61510
          0.07300  2.95816  3.99075  0.26781  1.44841  0.85394  0.55466
     58   2.31149  5.41798  2.44285  2.42492  4.97519  2.30489  3.80098  3.84819  2.90513  2.94352  4.32541  2.85511  4.20403  2.84472  2.46691  2.52242  2.77912  2.52394  5.97736  4.65233   8195 g - - -
          2.68605  4.42264  2.77568  2.73179  3.46380  2.40565  3.72532  3.28957  2.67796  2.69220  4.24572  2.90404  2.73791  3.18192  2.89839  2.37908  2.77526  2.98442  4.58381  3.61540
          2.06665  0.73942  0.92634  0.04645  3.09243  0.99975  0.45882
     59   2.29619  3.70220  4.81518  4.01717  3.51413  4.14080  4.56357  1.83478  4.12389  1.89662  3.31410  4.40290  4.17456  4.12079  3.97245  2.17950  2.90068  1.75706  5.14380  3.86107   8205 v - - -
          2.68612  4.42274  2.77518  2.73143  3.46299  2.40559  3.72182  3.29410  2.67770  2.69386  4.24710  2.90352  2.73799  3.18168  2.89731  2.37902  2.77516  2.98559  4.58028  3.61402
          1.94392  0.18999  3.51015  0.02550  3.68163  2.02704  0.14125
     60   2.35093  5.60165  2.26890  2.10672  4.45326  2.70840  3.50992  4.21220  2.67366  3.41651  4.09967  2.48409  4.00822  2.62216  2.77757  2.35899  2.87515  3.46887  5.51934  4.41645   8209 e - - -
          2.68618  4.42225  2.77519  2.73123  3.46354  2.40513  3.72494  3.29354  2.67741  2.69355  4.24690  2.90347  2.73739  3.18146  2.89801  2.37887  2.77519  2.98518  4.58477  3.61503
          0.03302  5.58046  3.55034  0.61958  0.77255  0.34023  1.24344
     61   3.25081  4.65232  4.43532  4.32220  3.53366  3.93383  4.78030  2.38348  4.24508  0.70575  2.91684  4.43454  4.16601  4.25568  4.11921  3.68506  3.52658  2.52824  4.90501  4.16651   8210 l - - -
          2.68617  4.42225  2.77519  2.73123  3.46354  2.40512  3.72495  3.29353  2.67741  2.69355  4.24690  2.90347  2.73740  3.18146  2.89800  2.37886  2.77520  2.98518  4.58477  3.61503
          0.01395  5.69351  4.55732  0.65652  0.73117  0.73549  0.65253
     62   2.82158  5.22894  3.04810  2.82680  4.75844  3.40640  2.79799  4.35510  2.77432  3.49560  3.69983  2.98812  3.83456  3.12322  1.24412  2.64868  3.08306  3.31888  5.73082  3.34356   8215 r - - -
          2.68522  4.42323  2.77349  2.73052  3.46443  2.40453  3.72536  3.29440  2.67839  2.69415  4.24744  2.90414  2.73710  3.18173  2.89788  2.37895  2.77524  2.98538  4.58557  3.61590
          0.34622  1.23280  6.75502  1.08699  0.41133  0.27193  1.43509
     63   2.58789  5.78512  2.71907  2.57744  4.53523  3.02324  3.79249  4.20620  3.07357  3.33634  4.62011  3.44816  1.27862  3.19546  2.75826  2.45693  2.97561  3.65341  5.39358  4.64368   8226 p - - -
          2.65422  4.43434  2.76828  2.72203  3.47148  2.40950  3.73425  3.28321  2.70772  2.65911  4.25360  2.92959  2.74235  3.18828  2.88932  2.39361  2.77920  2.96425  4.59736  3.63929
          2.81734  0.06331  6.44588  3.64371  0.02650  0.51932  0.90368
     64   2.18544  5.07505  2.76332  2.05598  4.61310  2.77835  3.83065  3.96496  2.63895  2.90314  4.55331  3.30529  2.71880  2.86766  2.43633  2.70155  2.91415  2.93106  5.16862  4.31357   9016 e - - -
          2.68288  4.42496  2.77475  2.73040  3.46593  2.40631  3.72669  3.29552  2.68066  2.69033  4.24781  2.90650  2.72987  3.18295  2.89718  2.38028  2.77659  2.98453  4.58651  3.61734
          2.66846  0.49893  1.12868  1.51202  0.24906  0.53236  0.88483
     65   2.15242  4.38975  4.11165  3.69761  3.63530  3.97379  3.90318  2.45368  3.75965  2.30257  3.66031  4.04656  3.74458  3.11463  3.15946  3.31379  2.57743  1.32728  5.23245  3.96215   9040 v - - -
          2.68617  4.42225  2.77519  2.73123  3.46354  2.40513  3.72494  3.29354  2.67741  2.69355  4.24690  2.90347  2.73739  3.18146  2.89801  2.37887  2.77519  2.98518  4.58477  3.61503
          0.02751  5.67638  3.74181  0.62128  0.77058  1.73505  0.19406
     66   1.90427  4.85053  2.65065  1.66150  4.70435  2.82388  3.88897  4.20419  2.75428  3.42686  4.65073  3.37669  4.29976  2.56668  2.65493  2.60531  3.05393  3.24935  4.79839  4.57219   9043 e - - -
          2.68617  4.42225  2.77519  2.73123  3.46352  2.40513  3.72493  3.29353  2.67741  2.69355  4.24686  2.90347  2.73740  3.18146  2.89801  2.37887  2.77520  2.98518  4.58477  3.61503
          0.01018  5.43774  5.15331  0.65150  0.73660  0.24170  1.53849
     67   2.29640  5.32529  2.88769  2.48626  4.57576  3.48370  3.37453  2.60876  2.89657  2.07932  4.09095  3.28211  4.18661  3.02020  2.54123  2.76242  2.41305  2.80144  5.87967  4.32164   9047 l - - -
          2.68618  4.42225  2.77519  2.73123  3.46354  2.40513  3.72494  3.29354  2.67741  2.69355  4.24690  2.90347  2.73739  3.18146  2.89801  2.37887  2.77519  2.98518  4.58477  3.61503
          0.00513  6.13347  5.82546  0.61958  0.77255  0.76582  0.62540
     68   1.43990  4.08362  3.21666  2.50964  4.62464  3.57086  3.18462  3.39138  3.21209  2.97881  4.04902  2.68018  4.17081  3.12884  3.65580  2.76596  2.23798  2.66025  6.33507  4.78393   9048 a - - -
          2.68618  4.42225  2.77520  2.73124  3.46354  2.40513  3.72495  3.29353  2.67741  2.69355  4.24690  2.90347  2.73740  3.18147  2.89800  2.37887  2.77518  2.98513  4.58477  3.61503
          0.01152  5.57630  4.87048  0.65597  0.73176  0.81241  0.58661
     69   1.82225  4.21405  5.59474  4.66684  3.19265  4.20852  5.02752  2.02607  4.74267  1.20890  3.56516  4.90111  5.07018  4.64470  4.36340  3.93721  3.49882  1.73439  5.38312  4.29345   9053 l - - -
          2.68618  4.42225  2.77519  2.73123  3.46354  2.40513  3.72494  3.29354  2.67741  2.69355  4.24690  2.90347  2.73739  3.18146  2.89801  2.37887  2.77519  2.98518  4.58477  3.61503
          0.00792  6.13998  5.16174  0.61958  0.77255  0.83280  0.57063
     70   2.60305  4.33446  4.82145  4.17859  1.88933  3.70388  3.70904  3.06045  4.53980  2.14645  3.80134  4.62690  4.99594  4.25057  3.93342  3.40478  3.37514  2.67076  4.05342  1.24475   9054 y - - -
          2.68618  4.42225  2.77519  2.73123  3.46354  2.40513  3.72494  3.29354  2.67741  2.69355  4.24690  2.90347  2.73739  3.18146  2.89801  2.37887  2.77519  2.98518  4.58477  3.61503
          0.00620  6.13846  5.51577  0.61958  0.77255  0.86348  0.54765
     71   2.63633  5.21734  3.43133  3.16834  3.00976  3.48622  3.68203  4.12155  3.19209  2.75547  3.95874  3.70611  4.58546  3.26561  0.91190  3.22895  3.45058  3.87259  4.16238  3.86009   9055 r - - -
          2.68618  4.42225  2.77519  2.73123  3.46354  2.40513  3.72494  3.29354  2.67741  2.69355  4.24690  2.90347  2.73739  3.18146  2.89801  2.37887  2.77519  2.98518  4.58477  3.61503
          0.00398  6.13704  6.31653  0.61958  0.77255  0.81477  0.58473
     72   2.08947  3.26887  5.06476  4.53717  3.39518  4.22374  4.94235  1.14765  4.69958  2.37151  3.48673  4.49768  4.78250  4.44516  4.70232  3.64246  3.16098  1.65651  5.56662  4.42907   9056 i - - -
          2.68618  4.42225  2.77519  2.73122  3.46354  2.40513  3.72495  3.29354  2.67741  2.69354  4.24690  2.90347  2.73740  3.18146  2.89800  2.37887  2.77519  2.98518  4.58477  3.61503
          0.00515  5.90880  6.02518  0.65613  0.73158  0.81395  0.58538
     73   1.98939  3.43719  5.54128  4.86896  3.24935  3.50078  5.00682  2.20365  4.76451  1.91664  3.63632  4.90642  4.65952  4.85475  4.62496  3.74707  2.94573  1.13851  5.55367  4.09615   9061 v - - -
          2.68618  4.42225  2.77519  2.73123  3.46354  2.40513  3.72494  3.29354  2.67741  2.69355  4.24690  2.90347  2.73739  3.18146  2.89801  2.37887  2.77519  2.98518  4.58477  3.61503
          0.00803  6.14481  5.14067  0.61958  0.77255  0.70276  0.68363
     74   2.71434  4.88385  3.55388  2.87914  4.92994  3.46969  4.03994  4.54610  2.57712  3.35738  4.72726  3.60485  4.46329  1.03962  2.02734  2.79493  3.19014  3.99510  6.28675  4.75450   9062 q - - -
          2.68613  4.42238  2.77512  2.73117  3.46367  2.40503  3.72505  3.29367  2.67742  2.69357  4.24695  2.90359  2.73733  3.18156  2.89794  2.37884  2.77526  2.98507  4.58490  3.61516
          0.01425  4.71247  5.26469  1.86435  0.16842  0.63167  0.75865
     75   3.12674  5.96953  3.56083  0.46332  5.28683  3.78913  4.41169  4.48081  3.20351  4.16139  5.03268  3.66822  4.64394  3.33698  3.58439  3.34923  3.65829  4.25256  6.28585  5.00557   9078 E - - -
          2.68618  4.42225  2.77519  2.73123  3.46354  2.40513  3.72494  3.29354  2.67741  2.69355  4.24690  2.90347  2.73739  3.18146  2.89801  2.37887  2.77519  2.98518  4.58477  3.61503
          0.01022  6.16022  4.82128  0.61958  0.77255  0.73084  0.65683
     76   0.92333  3.78028  5.11970  4.66942  3.70792  2.59761  5.06855  3.00390  4.58289  1.94382  3.83184  4.85917  5.00278  4.73094  4.69633  2.28230  3.38642  3.01765  5.27710  4.39062   9079 a - - -
          2.68618  4.42225  2.77519  2.73123  3.46354  2.40513  3.72494  3.29354  2.67741  2.69355  4.24690  2.90347  2.73739  3.18146  2.89801  2.37887  2.77519  2.98518  4.58477  3.61503
          0.00635  6.15425  5.47029  0.61958  0.77255  0.68189  0.70453
     77   3.00713  4.60495  4.91662  4.94611  3.37686  4.56874  4.96072  2.32430  4.72314  0.78207  3.15560  4.78282  4.85341  4.82441  4.72482  3.72255  3.27239  1.88238  5.54542  4.10513   9080 l - - -
          2.68618  4.42225  2.77519  2.73123  3.46354  2.40513  3.72494  3.29354  2.67741  2.69355  4.24690  2.90347  2.73739  3.18146  2.89801  2.37887  2.77519  2.98518  4.58477  3.61503
          0.01136  6.15879  4.69025  0.61958  0.77255  0.68697  0.69936
     78   2.42891  5.09263  3.38660  3.06400  4.60884  3.53256  3.58753  4.04775  3.20819  3.67593  4.67806  2.22211  4.59805  3.17352  3.05247  2.40149  1.14586  3.24771  6.17734  4.73253   9081 t - - -
          2.68619  4.42227  2.77521  2.73123  3.46351  2.40514  3.72496  3.29353  2.67729  2.69355  4.24691  2.90348  2.73740  3.18146  2.89801  2.37888  2.77520  2.98518  4.58478  3.61505
          0.01319  4.62394  5.71623  0.57694  0.82465  0.74715  0.64191
     79   3.52893  6.07720  3.52575  3.25087  5.25731  4.08101  4.53013  4.78059  3.35788  4.00936  5.06774  0.39894  4.79807  3.67179  3.80986  3.55462  3.80974  4.24790  6.40947  5.09382   9087 N - - -
          2.68618  4.42225  2.77519  2.73123  3.46354  2.40513  3.72494  3.29354  2.67741  2.69355  4.24690  2.90347  2.73739  3.18146  2.89801  2.37887  2.77519  2.98518  4.58477  3.61503
          0.00808  6.15051  5.13002  0.61958  0.77255  0.73445  0.65348
     80   1.30989  4.30469  5.15136  4.56751  4.01463  4.02799  5.07315  1.99145  4.68816  2.93024  3.58011  4.70808  4.98849  4.76023  4.65568  3.14601  2.63137  1.32079  5.56489  4.44619   9088 a - - -
          2.68607  4.42209  2.77523  2.73124  3.46357  2.40515  3.72493  3.29353  2.67744  2.69348  4.24673  2.90349  2.73741  3.18150  2.89802  2.37890  2.77519  2.98517  4.58467  3.61507
          0.01249  4.61708  5.97917  1.00018  0.45857  0.74142  0.64710
     81   1.84410  4.29402  4.17540  3.82335  3.58802  3.75762  3.76277  2.22153  3.77702  1.71869  3.40988  4.39406  4.88075  3.99863  2.49893  3.22390  3.36635  1.88359  5.14408  3.89132   9096 l - - -
          2.68663  4.42277  2.77569  2.73169  3.46392  2.40563  3.72532  3.29399  2.67465  2.69402  4.24741  2.90396  2.73790  3.18164  2.89418  2.37928  2.77568  2.98568  4.58518  3.61555
          0.49130  0.96575  4.89643  0.07453  2.63359  0.72990  0.65769
     82   3.26459  5.70446  3.68329  3.14955  5.09646  3.99112  1.42736  4.49722  1.48351  3.73938  4.86077  3.65556  4.63137  3.34148  1.82428  3.30143  3.50400  4.15593  5.84204  3.25390   9105 h - - -
          2.67453  4.42127  2.77778  2.73310  3.46825  2.40571  3.72524  3.29358  2.68195  2.69366  4.25074  2.90803  2.73972  3.18392  2.89339  2.38047  2.77375  2.97501  4.58716  3.61993
          0.49315  0.95776  5.19433  2.36673  0.09848  0.76689  0.62447
     83   2.85407  4.85179  3.62414  3.16549  3.60465  3.77911  1.08019  3.74401  3.46787  3.22757  4.47052  3.87312  4.07634  3.60915  2.85638  3.27425  3.32399  2.75236  4.25028  2.34345   9167 h - - -
          2.68618  4.42225  2.77519  2.73123  3.46354  2.40513  3.72494  3.29354  2.67741  2.69355  4.24690  2.90347  2.73739  3.18146  2.89801  2.37887  2.77519  2.98518  4.58477  3.61503
          0.00487  6.14402  5.90906  0.61958  0.77255  0.42615  1.05849
     84   1.36429  5.09624  2.84432  2.72151  4.92064  2.30575  3.81067  4.44690  3.13981  3.53241  4.56035  3.51584  4.21885  3.14307  2.92339  1.93892  2.77341  3.45495  5.68479  4.83767   9168 a - - -
          2.67851  4.42334  2.77032  2.72969  3.47060  2.40514  3.72739  3.27515  2.69207  2.68606  4.25366  2.91474  2.74897  3.18474  2.89014  2.38826  2.77375  2.95470  4.59471  3.62859
          2.74617  0.07065  5.51286  2.99865  0.05114  0.58994  0.80825
     85   2.48712  5.72548  1.02314  2.89073  4.90447  3.06683  3.97691  4.12974  2.99773  3.50178  4.82561  2.95059  3.20097  3.32097  2.96073  2.86801  3.17507  3.45182  5.99851  4.82746   9456 d - - -
          2.68619  4.42226  2.77520  2.73123  3.46354  2.40513  3.72495  3.29349  2.67741  2.69355  4.24688  2.90347  2.73740  3.18147  2.89801  2.37887  2.77515  2.98518  4.58478  3.61502
          0.51020  5.32044  0.92955  0.64746  0.74103  0.61421  0.77886
     86   2.93722  5.29841  1.46024  2.70444  4.75494  3.66806  3.71167  4.44674  2.78851  3.77138  4.51457  1.49910  3.86174  3.06386  2.83208  3.00277  3.17719  3.89957  5.52841  4.45716   9460 d - - -
          2.68616  4.42227  2.77518  2.73122  3.46356  2.40513  3.72494  3.29356  2.67740  2.69354  4.24692  2.90348  2.73739  3.18148  2.89800  2.37888  2.77521  2.98517  4.58457  3.61505
          0.03874  4.67814  3.55089  0.93664  0.49749  2.02792  0.14111
     87   3.08707  4.87539  3.76907  3.26540  4.15282  0.70929  4.30704  3.43804  3.27262  3.17114  4.14097  3.73838  3.91730  3.59406  3.57855  3.11584  3.34139  3.24779  5.43163  4.24477   9467 g - - -
          2.68618  4.42225  2.77519  2.73123  3.46354  2.40513  3.72494  3.29354  2.67741  2.69355  4.24690  2.90347  2.73739  3.18146  2.89801  2.37887  2.77519  2.98518  4.58477  3.61503
          0.02048  5.63841  4.09161  0.61958  0.77255  1.91192  0.15993
     88   2.66268  3.58692  3.22298  2.80578  4.78745  3.44905  3.80169  2.57568  2.03657  3.38661  4.30814  3.26075  3.21820  2.80376  2.27849  2.75147  2.78511  2.27030  5.57508  4.42940   9468 k - - -
          2.68617  4.42225  2.77520  2.73123  3.46354  2.40513  3.72495  3.29354  2.67741  2.69354  4.24690  2.90347  2.73740  3.18146  2.89801  2.37887  2.77520  2.98516  4.58475  3.61503
          0.04976  4.96980  3.17960  0.54943  0.86104  1.44012  0.27037
     89   2.83111  5.28862  3.36045  2.87351  4.52568  0.85384  4.00240  4.05903  2.91653  3.46904  4.52047  3.39125  3.60280  3.25156  3.15629  2.98968  3.24275  3.50834  5.76908  4.43545   9470 g - - -
          2.68546  4.42252  2.77532  2.73127  3.46401  2.40460  3.72484  3.29378  2.67793  2.69334  4.24675  2.90393  2.73745  3.18150  2.89767  2.37909  2.77529  2.98497  4.58464  3.61556
          0.11549  2.28417  4.93222  1.91713  0.15903  1.44540  0.26873
     90   2.73181  4.00021  3.71895  3.68628  1.29830  3.51984  4.29911  2.41594  3.66904  2.22871  3.05777  4.03802  3.48193  3.88033  3.55401  3.17749  3.14440  2.72295  4.76126  3.68942   9509 f - - -
          2.68100  4.42739  2.77174  2.72986  3.46756  2.40621  3.72555  3.29468  2.67870  2.69375  4.24718  2.90580  2.73564  3.18192  2.89586  2.38030  2.77574  2.98420  4.58925  3.61992
          2.29137  0.15547  3.14983  2.42510  0.09263  1.88440  0.16478
     91   2.85369  5.24294  3.35906  2.76017  4.88488  1.32209  2.81501  4.26742  2.74860  3.68561  4.61621  3.25799  3.88907  3.10828  2.31850  2.20157  3.14901  3.73759  5.86448  4.62700   9742 g - - -
          2.68618  4.42225  2.77519  2.73123  3.46354  2.40513  3.72494  3.29354  2.67741  2.69355  4.24690  2.90347  2.73739  3.18146  2.89801  2.37887  2.77519  2.98518  4.58477  3.61503
          0.10619  5.72287  2.32818  0.61958  0.77255  1.95059  0.15337
     92   2.91750  4.69054  4.19445  3.81538  2.04427  3.73586  3.24887  2.42886  3.57225  1.86734  2.78136  2.89027  4.32750  3.62160  2.91598  2.98181  3.17746  2.73576  4.35347  2.89992   9743 l - - -
          2.68617  4.42225  2.77519  2.73124  3.46354  2.40513  3.72495  3.29352  2.67741  2.69354  4.24689  2.90347  2.73739  3.18147  2.89801  2.37887  2.77519  2.98517  4.58477  3.61503
          0.01507  4.77854  5.02819  0.59335  0.80401  1.94275  0.15468
     93   3.13487  5.34246  3.63332  3.14091  4.62272  0.57149  4.27933  4.06391  3.22712  3.66919  4.52088  3.65604  4.41740  3.56812  3.53412  3.31170  3.46289  3.74590  5.87796  4.51456   9746 G - - -
          2.68618  4.42225  2.77519  2.73123  3.46354  2.40513  3.72494  3.29354  2.67741  2.69355  4.24690  2.90347  2.73739  3.18146  2.89801  2.37887  2.77519  2.98518  4.58477  3.61503
          0.00701  5.63322  5.68065  0.61958  0.77255  1.81158  0.17840
     94   3.19136  4.59083  5.11582  4.55863  3.43707  4.23950  4.67076  2.16142  4.32668  0.79171  3.08609  4.60856  4.27304  4.36313  4.30851  3.51158  3.30313  2.29940  4.91953  3.69438   9747 l - - -
          2.68607  4.42363  2.77632  2.73211  3.46395  2.40423  3.72514  3.29335  2.67780  2.69370  4.24679  2.90180  2.73853  3.18153  2.89698  2.37779  2.77539  2.98556  4.58567  3.61611
          2.14190  0.13627  4.60882  0.77264  0.61951  1.98604  0.14762
     95   3.01897  4.44744  4.82323  4.48596  3.62276  4.41487  4.19414  1.50519  4.33031  1.97745  1.36099  4.52921  4.59451  4.10999  4.12604  3.55942  3.34842  2.35439  5.20599  3.97415   9767 m - - -
          2.68615  4.42227  2.77522  2.73125  3.46357  2.40516  3.72497  3.29342  2.67735  2.69355  4.24685  2.90350  2.73743  3.18147  2.89793  2.37889  2.77520  2.98517  4.58474  3.61506
          0.02446  4.10701  4.86569  0.95449  0.48615  2.00855  0.14408
     96   2.72733  5.29693  3.23465  2.26814  4.36339  3.59363  3.34789  3.56155  2.00803  3.36868  4.45651  3.15727  4.22463  2.35406  1.66657  2.82375  3.01499  3.33037  5.91371  4.22118   9772 r - - -
          2.68618  4.42225  2.77519  2.73123  3.46354  2.40513  3.72494  3.29354  2.67741  2.69355  4.24690  2.90347  2.73739  3.18146  2.89801  2.37887  2.77519  2.98518  4.58477  3.61503
          0.01359  5.64478  4.60900  0.61958  0.77255  1.99247  0.14660
     97   2.47889  5.65987  2.81681  1.33259  4.61359  2.83107  3.73251  4.30962  2.58198  3.65921  4.26765  2.90043  4.31394  2.77186  2.75498  2.60576  2.97612  3.78763  5.74844  3.80527   9773 e - - -
          2.68618  4.42226  2.77520  2.73123  3.46354  2.40513  3.72495  3.29354  2.67741  2.69355  4.24689  2.90347  2.73740  3.18147  2.89794  2.37885  2.77520  2.98519  4.58477  3.61504
          0.01926  4.94174  4.42852  0.67757  0.70897  1.97886  0.14876
     98   2.93425  5.22716  3.50939  2.98649  4.50747  3.96247  4.07148  3.66934  2.89573  3.18896  4.22712  3.45885  4.33507  3.21000  0.76471  3.16273  3.27256  3.49753  5.46988  4.39578   9777 r - - -
          2.68618  4.42225  2.77520  2.73123  3.46354  2.40513  3.72495  3.29354  2.67741  2.69350  4.24690  2.90347  2.73740  3.18147  2.89801  2.37887  2.77519  2.98518  4.58477  3.61503
          0.02381  4.72455  4.22285  0.51710  0.90695  1.93001  0.15682
     99   1.52361  4.01122  4.89101  4.30674  3.66340  4.05680  4.70765  2.11930  4.33829  2.10604  2.60171  4.49838  4.63170  4.50075  3.91547  3.32720  2.96877  1.60929  5.12179  4.08590   9779 a - - -
          2.68610  4.42229  2.77511  2.73122  3.46358  2.40515  3.72499  3.29353  2.67745  2.69356  4.24694  2.90351  2.73743  3.18151  2.89794  2.37889  2.77509  2.98520  4.58481  3.61507
          0.01291  4.67415  5.65785  1.30846  0.31504  1.85872  0.16945
    100   2.16879  5.44938  2.81251  1.84602  4.52747  3.47973  3.44665  4.15203  2.28188  3.08215  4.31831  2.94273  4.16760  2.63415  2.19659  2.67792  3.02286  3.56538  5.90033  4.31117   9793 e - - -
          2.68579  4.42345  2.77609  2.73204  3.46421  2.40253  3.72488  3.29180  2.67844  2.68970  4.24462  2.90369  2.73929  3.18171  2.89796  2.38001  2.77685  2.98554  4.58541  3.61608
          2.13515  0.13292  5.07649  1.09433  0.40761  2.00080  0.14529
    101   2.31258  4.80488  3.78266  3.25892  4.25846  0.78186  4.31561  3.60323  3.26674  3.27677  4.20651  3.72677  4.43806  3.44660  3.63008  3.23231  3.35123  3.20610  5.35568  4.23077   9811 g - - -
          2.68618  4.42225  2.77519  2.73123  3.46354  2.40513  3.72494  3.29354  2.67741  2.69355  4.24690  2.90347  2.73739  3.18146  2.89801  2.37887  2.77519  2.98518  4.58477  3.61503
          0.03268  5.65549  3.55252  0.61958  0.77255  1.99615  0.14602
    102   2.80064  5.30095  2.72760  2.13890  4.64918  3.62780  3.48325  3.92379  2.29975  3.67352  4.32916  2.91841  4.24780  2.60311  2.50356  2.23729  1.92798  3.49917  4.96875  4.41462   9812 t - - -
          2.68617  4.42224  2.77520  2.73124  3.46354  2.40513  3.72494  3.29354  2.67741  2.69354  4.24689  2.90347  2.73738  3.18146  2.89800  2.37887  2.77520  2.98517  4.58476  3.61503
          0.03432  4.54245  3.76842  0.49117  0.94652  1.96435  0.15111
    103   2.32538  3.62093  4.73941  4.55588  2.15579  4.16115  4.53357  2.23018  4.32209  1.37566  2.86778  4.49728  4.66739  4.43466  4.16856  3.45642  3.19366  2.03319  4.63492  3.78241   9814 l - - -
          2.68616  4.42225  2.77520  2.73124  3.46354  2.40513  3.72495  3.29354  2.67741  2.69355  4.24690  2.90347  2.73740  3.18147  2.89799  2.37887  2.77517  2.98518  4.58477  3.61501
          0.05318  4.45901  3.21339  0.48004  0.96432  2.04458  0.13861
    104   2.72909  4.95912  2.53474  2.04284  4.38476  3.68968  3.25809  3.62804  2.49178  3.35401  4.51452  2.87388  4.25534  2.65480  2.50339  2.26776  2.25418  3.32602  5.15184  4.22593   9816 e - - -
          2.68618  4.42225  2.77519  2.73123  3.46354  2.40513  3.72494  3.29354  2.67741  2.69355  4.24690  2.90347  2.73739  3.18146  2.89801  2.37887  2.77519  2.98518  4.58477  3.61503
          0.00563  5.58209  6.29429  0.61958  0.77255  1.28394  0.32427
    105   2.74331  4.21245  4.75929  4.13942  2.73030  3.82823  4.51729  1.27559  4.22963  2.03950  3.43381  4.48587  4.08213  4.07874  3.56211  3.56477  3.12507  1.88158  4.00330  3.64993   9817 i - - -
          2.68648  4.42192  2.77966  2.73161  3.46611  2.40149  3.72758  3.28258  2.68266  2.69284  4.24851  2.90961  2.74101  3.18427  2.89652  2.37986  2.76746  2.97667  4.58053  3.62258
          2.30999  0.11367  4.80498  2.65748  0.07270  1.90802  0.16061
    106   2.74932  5.32425  3.18391  2.72966  4.53939  3.50581  3.89211  3.96903  2.71445  3.34157  4.54386  3.21960  1.06705  3.12546  2.93753  2.79506  3.04576  3.60152  5.60206  4.44902  10005 p - - -
          2.68618  4.42225  2.77519  2.73123  3.46354  2.40513  3.72494  3.29354  2.67741  2.69355  4.24690  2.90347  2.73739  3.18146  2.89801  2.37887  2.77519  2.98518  4.58477  3.61503
          0.08430  5.70483  2.55727  0.61958  0.77255  1.93723  0.15561
    107   2.62008  4.13697  3.71177  3.49985  3.34267  3.59695  4.09275  2.23153  3.06243  1.60402  3.39742  3.73749  3.68893  3.71643  2.89166  3.12869  2.97699  2.29928  3.44129  3.41807  10006 l - - -
          2.68618  4.42225  2.77519  2.73123  3.46354  2.40513  3.72494  3.29354  2.67741  2.69355  4.24690  2.90347  2.73739  3.18146  2.89801  2.37887  2.77519  2.98518  4.58477  3.61503
          0.06567  5.59169  2.81616  0.61958  0.77255  0.19954  1.70986
    108   2.18982  5.19134  2.73901  2.39861  4.48706  2.63280  3.63344  3.93918  2.60024  3.16459  4.41377  3.08986  2.47211  2.93482  2.52827  2.52610  2.71188  3.06604  6.02675  4.49632  10007 a - - -
          2.67905  4.42686  2.77542  2.73033  3.46816  2.40243  3.72457  3.29527  2.68178  2.69474  4.24955  2.90731  2.73444  3.18219  2.89395  2.38021  2.77532  2.98480  4.58744  3.62011
          1.98769  0.18775  3.37654  2.35870  0.09932  0.92015  0.50826
    109   2.22994  4.89254  2.92097  2.52267  4.39360  2.04804  3.67522  3.91214  2.68811  3.40228  4.51138  3.06434  2.76944  3.00758  2.55757  2.30630  2.66390  3.59159  5.33504  4.27618  10111 g - - -
          2.68618  4.42225  2.77519  2.73123  3.46354  2.40513  3.72494  3.29354  2.67741  2.69355  4.24690  2.90347  2.73739  3.18146  2.89801  2.37887  2.77519  2.98518  4.58477  3.61503
          0.45851  5.79019  1.00863  0.61958  0.77255  1.06145  0.42458
    110   2.90840  5.22547  3.33081  2.79803  4.66909  1.04157  3.19689  4.00842  2.76640  3.53036  4.45242  2.99692  3.92664  3.10225  2.92663  2.72630  3.12858  3.63480  5.86922  4.45942  10112 g - - -
          2.68618  4.42225  2.77519  2.73123  3.46354  2.40512  3.72494  3.29354  2.67741  2.69355  4.24690  2.90347  2.73739  3.18146  2.89801  2.37887  2.77519  2.98518  4.58477  3.61503
          0.01978  5.24301  4.24726  0.62113  0.77076  1.71032  0.19944
    111   2.77397  4.98656  3.46676  3.01192  2.59004  3.40018  2.69643  3.40709  2.98888  2.52785  3.72988  2.86256  4.15801  3.00042  2.42834  2.34406  2.64537  2.93835  5.07676  2.98810  10115 s - - -
          2.68618  4.42225  2.77519  2.73123  3.46354  2.40513  3.72494  3.29354  2.67741  2.69355  4.24690  2.90347  2.73739  3.18146  2.89801  2.37887  2.77519  2.98518  4.58477  3.61503
          0.02275  5.37490  4.02489  0.61958  0.77255  1.77624  0.18545
    112   2.94995  4.96679  3.61603  3.16341  4.17369  0.76996  4.14435  3.55646  3.11617  3.12385  4.06671  3.62721  4.36476  3.45157  3.32929  3.12340  3.34117  3.23801  5.39103  4.32531  10116 g - - -
          2.68618  4.42225  2.77519  2.73123  3.46354  2.40513  3.72494  3.29354  2.67741  2.69355  4.24690  2.90347  2.73739  3.18146  2.89801  2.37887  2.77519  2.98518  4.58477  3.61503
          0.00925  5.37458  5.38619  0.61958  0.77255  1.42780  0.27422
    113   2.86881  4.58265  4.40443  3.74877  3.64063  3.97104  4.53964  2.46254  4.01057  0.82299  3.06516  4.30294  4.29808  3.71469  3.88905  3.33028  3.22052  2.52273  5.12087  3.99086  10117 l - - -
          2.68500  4.42296  2.77544  2.73161  3.46404  2.40554  3.72540  3.29266  2.67808  2.69282  4.24710  2.90419  2.73781  3.18180  2.89675  2.37927  2.77487  2.98413  4.58551  3.61562
          1.70196  0.22207  4.08541  0.47130  0.97867  1.79342  0.18199
    114   2.60147  5.44383  3.21856  2.79551  4.34134  1.12909  3.95404  3.92768  2.83659  3.44666  4.45139  2.77277  3.91723  3.09310  3.09906  2.52259  3.07936  3.49609  5.86979  4.52400  10132 g - - -
          2.68618  4.42225  2.77519  2.73123  3.46354  2.40513  3.72494  3.29354  2.67741  2.69355  4.24690  2.90347  2.73739  3.18146  2.89801  2.37887  2.77519  2.98518  4.58477  3.61503
          0.09629  5.43788  2.43672  0.61958  0.77255  1.80216  0.18025
    115   2.92915  4.45898  4.90891  4.28882  3.55909  4.20321  4.56044  2.36466  4.12801  1.39345  1.33047  4.33027  4.54696  4.21430  3.85841  3.40944  3.25675  2.53875  5.09829  3.86072  10133 m - - -
          2.68618  4.42225  2.77519  2.73123  3.46354  2.40513  3.72494  3.29354  2.67741  2.69355  4.24690  2.90347  2.73739  3.18146  2.89801  2.37887  2.77519  2.98518  4.58477  3.61503
          0.00919  5.35013  5.42709  0.61958  0.77255  1.90257  0.16156
    116   2.26500  5.31477  3.16140  2.54108  4.55220  3.44168  3.64364  4.13799  2.53076  3.72805  4.39338  3.24296  4.12702  2.83735  1.28698  2.71979  2.87395  3.19430  5.75711  4.33830  10134 r - - -
          2.68618  4.42225  2.77520  2.73123  3.46354  2.40513  3.72495  3.29353  2.67740  2.69354  4.24690  2.90347  2.73739  3.18146  2.89800  2.37886  2.77520  2.98518  4.58477  3.61503
          0.01146  4.92981  5.48058  0.62606  0.76506  1.74888  0.19112
    117   2.44997  5.52117  2.58174  1.10407  4.86969  3.62444  3.82904  4.17144  2.71890  3.64855  4.53679  3.24120  3.95218  2.82938  2.68632  2.78587  3.12805  3.79338  5.87082  4.42055  10137 e - - -
          2.68649  4.42275  2.77570  2.73172  3.46402  2.40559  3.72542  3.29400  2.67791  2.69393  4.24739  2.90395  2.73786  3.18192  2.89019  2.37937  2.77565  2.98559  4.58518  3.61553
          1.90837  0.16493  5.59153  0.02811  3.58570  1.87308  0.16682
    118   1.53289  4.19611  4.98618  4.39852  3.40178  4.16426  4.54843  2.28653  4.20737  1.97329  3.35651  4.37390  4.59767  4.26347  4.11184  3.49562  2.94349  1.43356  5.11743  3.93636  10140 v - - -
          2.68618  4.42225  2.77519  2.73123  3.46354  2.40513  3.72494  3.29354  2.67741  2.69355  4.24690  2.90347  2.73739  3.18146  2.89801  2.37887  2.77519  2.98518  4.58477  3.61503
          0.00765  5.37158  5.81695  0.61958  0.77255  1.77828  0.18504
    119   1.76798  5.37706  2.96272  1.93173  4.85481  3.06120  3.61170  4.22782  2.66358  3.30367  4.38630  3.19504  4.17671  2.75781  2.35445  2.49055  2.74450  3.34210  5.83602  4.35037  10141 a - - -
          2.68409  4.42259  2.77568  2.73127  3.46401  2.40549  3.72543  3.29381  2.67793  2.69233  4.24614  2.90400  2.73785  3.18158  2.89807  2.37897  2.77548  2.98476  4.58530  3.61556
          1.99129  0.15461  5.00109  0.18622  1.77251  1.57701  0.23142
    120   2.14444  4.28315  4.47409  4.09123  2.98439  3.83242  3.88778  2.43119  4.18502  1.36335  3.38467  4.27458  4.24665  4.14917  3.90654  3.41452  3.21181  1.77200  5.03472  3.17987  10155 l - - -
          2.68618  4.42225  2.77519  2.73123  3.46354  2.40513  3.72494  3.29354  2.67741  2.69355  4.24690  2.90346  2.73739  3.18146  2.89801  2.37887  2.77519  2.98518  4.58477  3.61503
          0.07091  5.24200  2.76202  0.61405  0.77905  1.70298  0.20106
    121   2.85213  5.38465  2.58278  2.72345  4.45451  1.06972  3.56767  4.07809  2.75006  3.60664  4.44307  3.15643  4.19497  2.92749  3.01810  2.92138  3.26567  3.70502  5.58154  4.32078  10158 g - - -
          2.68615  4.42212  2.77521  2.73125  3.46349  2.40509  3.72490  3.29356  2.67744  2.69355  4.24687  2.90349  2.73743  3.18148  2.89797  2.37887  2.77520  2.98519  4.58480  3.61504
          0.07752  2.73806  4.61540  0.22803  1.59012  1.85301  0.17051
    122   2.59356  4.77624  3.52679  3.00042  4.26571  0.87677  4.00309  3.61752  2.99687  3.27962  4.17649  3.50344  3.88838  3.27293  3.35928  3.04786  3.27539  3.37154  5.57077  4.35786  10160 g - - -
          2.68618  4.42225  2.77519  2.73123  3.46354  2.40513  3.72494  3.29354  2.67741  2.69355  4.24690  2.90347  2.73739  3.18146  2.89801  2.37887  2.77519  2.98518  4.58477  3.61503
          0.01829  5.37898  4.30432  0.61958  0.77255  1.76854  0.18703
    123   2.64359  5.40179  3.03318  2.28746  4.72598  3.48230  3.54952  3.75896  2.67631  3.28050  4.16123  3.21361  4.06772  2.68378  2.19251  2.32574  1.79653  3.17162  5.17674  4.37353  10161 t - - -
          2.68618  4.42225  2.77519  2.73123  3.46354  2.40513  3.72494  3.29354  2.67741  2.69355  4.24690  2.90347  2.73739  3.18146  2.89801  2.37887  2.77519  2.98518  4.58477  3.61503
          0.02490  5.38402  3.91166  0.61958  0.77255  1.52285  0.24602
    124   2.63895  3.81514  5.00284  4.35104  2.40706  4.17208  4.56395  2.41385  4.25935  1.09501  3.22226  4.34253  4.57643  4.25538  3.94880  3.46639  3.20279  2.00528  4.87111  3.81376  10162 l - - -
          2.68611  4.42227  2.77523  2.73126  3.46355  2.40510  3.72501  3.29352  2.67747  2.69351  4.24696  2.90349  2.73745  3.18148  2.89806  2.37889  2.77522  2.98518  4.58372  3.61494
          0.12996  2.19644  4.54059  0.15083  1.96609  1.79728  0.18122
    125   2.47383  5.10853  2.65217  2.00970  4.54731  3.60115  3.34828  3.95114  2.64794  3.14950  4.41579  3.16423  4.15609  2.85953  2.47772  2.40841  2.06016  2.98820  4.92865  4.34331  10165 e - - -
          2.68618  4.42225  2.77519  2.73123  3.46354  2.40513  3.72494  3.29354  2.67741  2.69355  4.24690  2.90347  2.73739  3.18146  2.89801  2.37887  2.77519  2.98518  4.58477  3.61503
          0.00958  5.42013  5.27612  0.61958  0.77255  1.33945  0.30380
    126   1.66720  4.21812  4.53644  4.04811  3.39803  3.61702  3.89092  2.09808  4.04880  2.16350  3.58268  4.09757  4.14405  4.10429  3.72772  3.01228  2.66776  1.72253  4.56790  3.72372  10166 a - - -
          2.68431  4.42536  2.77656  2.73234  3.46317  2.39612  3.72604  3.29702  2.68224  2.69565  4.24938  2.90798  2.73329  3.18398  2.89677  2.37992  2.77348  2.98580  4.58028  3.61884
          2.12848  0.13297  5.20421  2.24403  0.11208  1.72414  0.19641
    127   2.48886  4.79949  3.07256  2.26252  4.58311  3.50888  3.67151  3.66724  2.76361  2.99390  4.03087  3.26003  3.76577  2.88278  1.91020  2.58341  2.15644  2.72800  5.70584  4.52621  10319 r - - -
          2.68618  4.42225  2.77519  2.73123  3.46354  2.40513  3.72494  3.29354  2.67741  2.69355  4.24690  2.90347  2.73739  3.18146  2.89801  2.37887  2.77519  2.98518  4.58477  3.61503
          0.14081  5.42003  2.06422  0.61379  0.77935  1.72014  0.19728
    128   2.90303  4.43549  4.92221  4.26497  3.55644  4.18701  4.57321  2.09202  4.20618  1.76202  3.45574  4.39534  4.57149  4.31359  4.03894  3.47374  3.20632  1.00811  5.05131  3.92188  10321 v - - -
          2.68258  4.42227  2.77599  2.73113  3.46412  2.40572  3.72510  3.29390  2.67831  2.69365  4.24685  2.90441  2.73838  3.18218  2.89694  2.37942  2.77470  2.98346  4.58496  3.61586
          1.90884  0.16596  5.36666  0.72519  0.66210  1.83599  0.17371
    129   2.67386  5.03332  3.08917  2.03386  4.15425  3.51093  3.64193  3.68611  2.64083  3.23799  4.22724  3.26970  3.97544  2.98513  2.07027  2.41146  2.38673  2.53197  4.07527  4.22837  10342 e - - -
          2.68615  4.42226  2.77520  2.73124  3.46354  2.40512  3.72496  3.29348  2.67742  2.69352  4.24691  2.90348  2.73740  3.18146  2.89802  2.37888  2.77521  2.98515  4.58474  3.61504
          0.03893  4.10612  3.82995  0.66734  0.71963  1.82484  0.17583
    130   2.90200  4.33524  4.86531  4.15235  2.95728  3.96840  4.35048  1.99934  4.18858  1.18089  3.27374  4.40455  4.58055  4.28811  4.01592  3.53250  3.28402  1.74338  4.43269  3.83609  10347 l - - -
          2.68616  4.42228  2.77522  2.73125  3.46349  2.40515  3.72491  3.29352  2.67744  2.69347  4.24684  2.90350  2.73743  3.18149  2.89802  2.37887  2.77518  2.98511  4.58480  3.61506
          0.03456  3.67166  4.76312  0.78588  0.60829  1.87084  0.16723
    131   2.89228  5.15013  3.32838  2.88901  4.39749  3.70593  3.97017  3.82710  2.89493  3.26885  4.14363  3.26164  0.91960  3.21811  3.18925  3.02799  3.12585  3.37643  5.67116  4.39314  10352 p - - -
          2.68618  4.42225  2.77519  2.73123  3.46354  2.40513  3.72494  3.29354  2.67741  2.69355  4.24690  2.90347  2.73739  3.18146  2.89801  2.37887  2.77519  2.98518  4.58477  3.61503
          0.01333  5.33458  4.77769  0.61958  0.77255  1.78802  0.18307
    132   2.43396  3.19975  3.82168  3.64453  3.39861  3.34591  3.95177  2.74714  3.60603  1.61554  3.48968  4.04860  4.09303  3.80696  2.97997  3.17506  2.82221  1.96818  3.47974  3.32027  10353 l - - -
          2.68618  4.42225  2.77519  2.73123  3.46354  2.40513  3.72494  3.29354  2.67741  2.69355  4.24690  2.90347  2.73739  3.18146  2.89801  2.37887  2.77519  2.98518  4.58477  3.61503
          0.02532  5.30608  3.91014  0.61958  0.77255  1.84593  0.17183
    133   2.17853  5.39869  2.78845  2.33602  4.72708  2.64454  3.59573  4.08775  2.58265  3.49867  4.37809  3.06306  2.41761  2.73481  2.42811  2.64811  2.69369  3.25967  5.83577  4.35476  10354 a - - -
          2.68618  4.42225  2.77519  2.73123  3.46354  2.40513  3.72494  3.29354  2.67741  2.69355  4.24690  2.90347  2.73739  3.18146  2.89801  2.37887  2.77519  2.98518  4.58477  3.61503
          0.02559  5.25295  3.91016  0.61958  0.77255  1.16661  0.37312
    134   2.14719  5.22227  2.87010  2.35725  4.37950  2.71546  3.70056  3.81041  2.66402  3.17293  4.17373  3.21664  2.51558  2.92951  2.71457  2.26217  2.68139  3.16528  5.01181  4.43069  10355 a - - -
          2.59515  4.45221  2.78297  2.73785  3.48741  2.39976  3.73978  3.30825  2.73157  2.67139  4.25718  2.95383  2.72078  3.20581  2.86445  2.40379  2.77736  2.94354  4.57139  3.65157
          1.91713  0.15903        *  5.73653  0.00323  0.00000        *
//
